EpidateDT,CaseCNT,RollingNBR,CumulativeCNT,UpdateDT,ReportDT
2022-05-10,1,0,1,Data as Reported to CDC as of 09 Nov 2022 2:00 PM EDT,2022-11-09
2022-05-11,1,0,2,Data as Reported to CDC as of 09 Nov 2022 2:00 PM EDT,2022-11-09
2022-05-12,2,0,4,Data as Reported to CDC as of 09 Nov 2022 2:00 PM EDT,2022-11-09
2022-05-13,0,0,4,Data as Reported to CDC as of 09 Nov 2022 2:00 PM EDT,2022-11-09
2022-05-14,0,0,4,Data as Reported to CDC as of 09 Nov 2022 2:00 PM EDT,2022-11-09
2022-05-15,1,0,5,Data as Reported to CDC as of 09 Nov 2022 2:00 PM EDT,2022-11-09
2022-05-16,4,1.285714286,9,Data as Reported to CDC as of 09 Nov 2022 2:00 PM EDT,2022-11-09
2022-05-17,3,1.571428571,12,Data as Reported to CDC as of 09 Nov 2022 2:00 PM EDT,2022-11-09
2022-05-18,1,1.571428571,13,Data as Reported to CDC as of 09 Nov 2022 2:00 PM EDT,2022-11-09
2022-05-19,2,1.571428571,15,Data as Reported to CDC as of 09 Nov 2022 2:00 PM EDT,2022-11-09
2022-05-20,1,1.714285714,16,Data as Reported to CDC as of 09 Nov 2022 2:00 PM EDT,2022-11-09
2022-05-21,1,1.857142857,17,Data as Reported to CDC as of 09 Nov 2022 2:00 PM EDT,2022-11-09
2022-05-22,1,1.857142857,18,Data as Reported to CDC as of 09 Nov 2022 2:00 PM EDT,2022-11-09
2022-05-23,2,1.571428571,20,Data as Reported to CDC as of 09 Nov 2022 2:00 PM EDT,2022-11-09
2022-05-24,3,1.571428571,23,Data as Reported to CDC as of 09 Nov 2022 2:00 PM EDT,2022-11-09
2022-05-25,4,2,27,Data as Reported to CDC as of 09 Nov 2022 2:00 PM EDT,2022-11-09
2022-05-26,1,1.857142857,28,Data as Reported to CDC as of 09 Nov 2022 2:00 PM EDT,2022-11-09
2022-05-27,4,2.285714286,32,Data as Reported to CDC as of 09 Nov 2022 2:00 PM EDT,2022-11-09
2022-05-28,0,2.142857143,32,Data as Reported to CDC as of 09 Nov 2022 2:00 PM EDT,2022-11-09
2022-05-29,4,2.571428571,36,Data as Reported to CDC as of 09 Nov 2022 2:00 PM EDT,2022-11-09
2022-05-30,5,3,41,Data as Reported to CDC as of 09 Nov 2022 2:00 PM EDT,2022-11-09
2022-05-31,6,3.428571429,47,Data as Reported to CDC as of 09 Nov 2022 2:00 PM EDT,2022-11-09
2022-06-01,6,3.714285714,53,Data as Reported to CDC as of 09 Nov 2022 2:00 PM EDT,2022-11-09
2022-06-02,9,4.857142857,62,Data as Reported to CDC as of 09 Nov 2022 2:00 PM EDT,2022-11-09
2022-06-03,6,5.142857143,68,Data as Reported to CDC as of 09 Nov 2022 2:00 PM EDT,2022-11-09
2022-06-04,3,5.571428571,71,Data as Reported to CDC as of 09 Nov 2022 2:00 PM EDT,2022-11-09
2022-06-05,5,5.714285714,76,Data as Reported to CDC as of 09 Nov 2022 2:00 PM EDT,2022-11-09
2022-06-06,12,6.714285714,88,Data as Reported to CDC as of 09 Nov 2022 2:00 PM EDT,2022-11-09
2022-06-07,17,8.285714286,105,Data as Reported to CDC as of 09 Nov 2022 2:00 PM EDT,2022-11-09
2022-06-08,6,8.285714286,111,Data as Reported to CDC as of 09 Nov 2022 2:00 PM EDT,2022-11-09
2022-06-09,4,7.571428571,115,Data as Reported to CDC as of 09 Nov 2022 2:00 PM EDT,2022-11-09
2022-06-10,20,9.571428571,135,Data as Reported to CDC as of 09 Nov 2022 2:00 PM EDT,2022-11-09
2022-06-11,13,11,148,Data as Reported to CDC as of 09 Nov 2022 2:00 PM EDT,2022-11-09
2022-06-12,17,12.71428571,165,Data as Reported to CDC as of 09 Nov 2022 2:00 PM EDT,2022-11-09
2022-06-13,14,13,179,Data as Reported to CDC as of 09 Nov 2022 2:00 PM EDT,2022-11-09
2022-06-14,23,13.85714286,202,Data as Reported to CDC as of 09 Nov 2022 2:00 PM EDT,2022-11-09
2022-06-15,28,17,230,Data as Reported to CDC as of 09 Nov 2022 2:00 PM EDT,2022-11-09
2022-06-16,21,19.42857143,251,Data as Reported to CDC as of 09 Nov 2022 2:00 PM EDT,2022-11-09
2022-06-17,22,19.71428571,273,Data as Reported to CDC as of 09 Nov 2022 2:00 PM EDT,2022-11-09
2022-06-18,22,21,295,Data as Reported to CDC as of 09 Nov 2022 2:00 PM EDT,2022-11-09
2022-06-19,24,22,319,Data as Reported to CDC as of 09 Nov 2022 2:00 PM EDT,2022-11-09
2022-06-20,24,23.42857143,343,Data as Reported to CDC as of 09 Nov 2022 2:00 PM EDT,2022-11-09
2022-06-21,26,23.85714286,369,Data as Reported to CDC as of 09 Nov 2022 2:00 PM EDT,2022-11-09
2022-06-22,40,25.57142857,409,Data as Reported to CDC as of 09 Nov 2022 2:00 PM EDT,2022-11-09
2022-06-23,42,28.57142857,451,Data as Reported to CDC as of 09 Nov 2022 2:00 PM EDT,2022-11-09
2022-06-24,42,31.42857143,493,Data as Reported to CDC as of 09 Nov 2022 2:00 PM EDT,2022-11-09
2022-06-25,43,34.42857143,536,Data as Reported to CDC as of 09 Nov 2022 2:00 PM EDT,2022-11-09
2022-06-26,46,37.57142857,582,Data as Reported to CDC as of 09 Nov 2022 2:00 PM EDT,2022-11-09
2022-06-27,95,47.71428571,677,Data as Reported to CDC as of 09 Nov 2022 2:00 PM EDT,2022-11-09
2022-06-28,78,55.14285714,755,Data as Reported to CDC as of 09 Nov 2022 2:00 PM EDT,2022-11-09
2022-06-29,76,60.28571429,831,Data as Reported to CDC as of 09 Nov 2022 2:00 PM EDT,2022-11-09
2022-06-30,100,68.57142857,931,Data as Reported to CDC as of 09 Nov 2022 2:00 PM EDT,2022-11-09
2022-07-01,117,79.28571429,1048,Data as Reported to CDC as of 09 Nov 2022 2:00 PM EDT,2022-11-09
2022-07-02,101,87.57142857,1149,Data as Reported to CDC as of 09 Nov 2022 2:00 PM EDT,2022-11-09
2022-07-03,103,95.71428571,1252,Data as Reported to CDC as of 09 Nov 2022 2:00 PM EDT,2022-11-09
2022-07-04,108,97.57142857,1360,Data as Reported to CDC as of 09 Nov 2022 2:00 PM EDT,2022-11-09
2022-07-05,154,108.4285714,1514,Data as Reported to CDC as of 09 Nov 2022 2:00 PM EDT,2022-11-09
2022-07-06,159,120.2857143,1673,Data as Reported to CDC as of 09 Nov 2022 2:00 PM EDT,2022-11-09
2022-07-07,166,129.7142857,1839,Data as Reported to CDC as of 09 Nov 2022 2:00 PM EDT,2022-11-09
2022-07-08,198,141.2857143,2037,Data as Reported to CDC as of 09 Nov 2022 2:00 PM EDT,2022-11-09
2022-07-09,153,148.7142857,2190,Data as Reported to CDC as of 09 Nov 2022 2:00 PM EDT,2022-11-09
2022-07-10,140,154,2330,Data as Reported to CDC as of 09 Nov 2022 2:00 PM EDT,2022-11-09
2022-07-11,302,181.7142857,2632,Data as Reported to CDC as of 09 Nov 2022 2:00 PM EDT,2022-11-09
2022-07-12,215,190.4285714,2847,Data as Reported to CDC as of 09 Nov 2022 2:00 PM EDT,2022-11-09
2022-07-13,279,207.5714286,3126,Data as Reported to CDC as of 09 Nov 2022 2:00 PM EDT,2022-11-09
2022-07-14,264,221.5714286,3390,Data as Reported to CDC as of 09 Nov 2022 2:00 PM EDT,2022-11-09
2022-07-15,346,242.7142857,3736,Data as Reported to CDC as of 09 Nov 2022 2:00 PM EDT,2022-11-09
2022-07-16,203,249.8571429,3939,Data as Reported to CDC as of 09 Nov 2022 2:00 PM EDT,2022-11-09
2022-07-17,177,255.1428571,4116,Data as Reported to CDC as of 09 Nov 2022 2:00 PM EDT,2022-11-09
2022-07-18,372,265.1428571,4488,Data as Reported to CDC as of 09 Nov 2022 2:00 PM EDT,2022-11-09
2022-07-19,318,279.8571429,4806,Data as Reported to CDC as of 09 Nov 2022 2:00 PM EDT,2022-11-09
2022-07-20,314,284.8571429,5120,Data as Reported to CDC as of 09 Nov 2022 2:00 PM EDT,2022-11-09
2022-07-21,306,290.8571429,5426,Data as Reported to CDC as of 09 Nov 2022 2:00 PM EDT,2022-11-09
2022-07-22,373,294.7142857,5799,Data as Reported to CDC as of 09 Nov 2022 2:00 PM EDT,2022-11-09
2022-07-23,244,300.5714286,6043,Data as Reported to CDC as of 09 Nov 2022 2:00 PM EDT,2022-11-09
2022-07-24,231,308.2857143,6274,Data as Reported to CDC as of 09 Nov 2022 2:00 PM EDT,2022-11-09
2022-07-25,534,331.4285714,6808,Data as Reported to CDC as of 09 Nov 2022 2:00 PM EDT,2022-11-09
2022-07-26,356,336.8571429,7164,Data as Reported to CDC as of 09 Nov 2022 2:00 PM EDT,2022-11-09
2022-07-27,468,358.8571429,7632,Data as Reported to CDC as of 09 Nov 2022 2:00 PM EDT,2022-11-09
2022-07-28,421,375.2857143,8053,Data as Reported to CDC as of 09 Nov 2022 2:00 PM EDT,2022-11-09
2022-07-29,466,388.5714286,8519,Data as Reported to CDC as of 09 Nov 2022 2:00 PM EDT,2022-11-09
2022-07-30,318,399.1428571,8837,Data as Reported to CDC as of 09 Nov 2022 2:00 PM EDT,2022-11-09
2022-07-31,264,403.8571429,9101,Data as Reported to CDC as of 09 Nov 2022 2:00 PM EDT,2022-11-09
2022-08-01,573,409.4285714,9674,Data as Reported to CDC as of 09 Nov 2022 2:00 PM EDT,2022-11-09
2022-08-02,507,431,10181,Data as Reported to CDC as of 09 Nov 2022 2:00 PM EDT,2022-11-09
2022-08-03,491,434.2857143,10672,Data as Reported to CDC as of 09 Nov 2022 2:00 PM EDT,2022-11-09
2022-08-04,451,438.5714286,11123,Data as Reported to CDC as of 09 Nov 2022 2:00 PM EDT,2022-11-09
2022-08-05,492,442.2857143,11615,Data as Reported to CDC as of 09 Nov 2022 2:00 PM EDT,2022-11-09
2022-08-06,343,445.8571429,11958,Data as Reported to CDC as of 09 Nov 2022 2:00 PM EDT,2022-11-09
2022-08-07,273,447.1428571,12231,Data as Reported to CDC as of 09 Nov 2022 2:00 PM EDT,2022-11-09
2022-08-08,548,443.5714286,12779,Data as Reported to CDC as of 09 Nov 2022 2:00 PM EDT,2022-11-09
2022-08-09,464,437.4285714,13243,Data as Reported to CDC as of 09 Nov 2022 2:00 PM EDT,2022-11-09
2022-08-10,510,440.1428571,13753,Data as Reported to CDC as of 09 Nov 2022 2:00 PM EDT,2022-11-09
2022-08-11,429,437,14182,Data as Reported to CDC as of 09 Nov 2022 2:00 PM EDT,2022-11-09
2022-08-12,436,429,14618,Data as Reported to CDC as of 09 Nov 2022 2:00 PM EDT,2022-11-09
2022-08-13,308,424,14926,Data as Reported to CDC as of 09 Nov 2022 2:00 PM EDT,2022-11-09
2022-08-14,259,422,15185,Data as Reported to CDC as of 09 Nov 2022 2:00 PM EDT,2022-11-09
2022-08-15,555,423,15740,Data as Reported to CDC as of 09 Nov 2022 2:00 PM EDT,2022-11-09
2022-08-16,372,409.8571429,16112,Data as Reported to CDC as of 09 Nov 2022 2:00 PM EDT,2022-11-09
2022-08-17,363,388.8571429,16475,Data as Reported to CDC as of 09 Nov 2022 2:00 PM EDT,2022-11-09
2022-08-18,432,389.2857143,16907,Data as Reported to CDC as of 09 Nov 2022 2:00 PM EDT,2022-11-09
2022-08-19,433,388.8571429,17340,Data as Reported to CDC as of 09 Nov 2022 2:00 PM EDT,2022-11-09
2022-08-20,286,385.7142857,17626,Data as Reported to CDC as of 09 Nov 2022 2:00 PM EDT,2022-11-09
2022-08-21,202,377.5714286,17828,Data as Reported to CDC as of 09 Nov 2022 2:00 PM EDT,2022-11-09
2022-08-22,429,359.5714286,18257,Data as Reported to CDC as of 09 Nov 2022 2:00 PM EDT,2022-11-09
2022-08-23,418,366.1428571,18675,Data as Reported to CDC as of 09 Nov 2022 2:00 PM EDT,2022-11-09
2022-08-24,322,360.2857143,18997,Data as Reported to CDC as of 09 Nov 2022 2:00 PM EDT,2022-11-09
2022-08-25,356,349.4285714,19353,Data as Reported to CDC as of 09 Nov 2022 2:00 PM EDT,2022-11-09
2022-08-26,366,339.8571429,19719,Data as Reported to CDC as of 09 Nov 2022 2:00 PM EDT,2022-11-09
2022-08-27,173,323.7142857,19892,Data as Reported to CDC as of 09 Nov 2022 2:00 PM EDT,2022-11-09
2022-08-28,173,319.5714286,20065,Data as Reported to CDC as of 09 Nov 2022 2:00 PM EDT,2022-11-09
2022-08-29,401,315.5714286,20466,Data as Reported to CDC as of 09 Nov 2022 2:00 PM EDT,2022-11-09
2022-08-30,323,302,20789,Data as Reported to CDC as of 09 Nov 2022 2:00 PM EDT,2022-11-09
2022-08-31,279,295.8571429,21068,Data as Reported to CDC as of 09 Nov 2022 2:00 PM EDT,2022-11-09
2022-09-01,353,295.4285714,21421,Data as Reported to CDC as of 09 Nov 2022 2:00 PM EDT,2022-11-09
2022-09-02,326,289.7142857,21747,Data as Reported to CDC as of 09 Nov 2022 2:00 PM EDT,2022-11-09
2022-09-03,153,286.8571429,21900,Data as Reported to CDC as of 09 Nov 2022 2:00 PM EDT,2022-11-09
2022-09-04,121,279.4285714,22021,Data as Reported to CDC as of 09 Nov 2022 2:00 PM EDT,2022-11-09
2022-09-05,172,246.7142857,22193,Data as Reported to CDC as of 09 Nov 2022 2:00 PM EDT,2022-11-09
2022-09-06,423,261,22616,Data as Reported to CDC as of 09 Nov 2022 2:00 PM EDT,2022-11-09
2022-09-07,236,254.8571429,22852,Data as Reported to CDC as of 09 Nov 2022 2:00 PM EDT,2022-11-09
2022-09-08,254,240.7142857,23106,Data as Reported to CDC as of 09 Nov 2022 2:00 PM EDT,2022-11-09
2022-09-09,256,230.7142857,23362,Data as Reported to CDC as of 09 Nov 2022 2:00 PM EDT,2022-11-09
2022-09-10,117,225.5714286,23479,Data as Reported to CDC as of 09 Nov 2022 2:00 PM EDT,2022-11-09
2022-09-11,91,221.2857143,23570,Data as Reported to CDC as of 09 Nov 2022 2:00 PM EDT,2022-11-09
2022-09-12,198,225,23768,Data as Reported to CDC as of 09 Nov 2022 2:00 PM EDT,2022-11-09
2022-09-13,239,198.7142857,24007,Data as Reported to CDC as of 09 Nov 2022 2:00 PM EDT,2022-11-09
2022-09-14,173,189.7142857,24180,Data as Reported to CDC as of 09 Nov 2022 2:00 PM EDT,2022-11-09
2022-09-15,183,179.5714286,24363,Data as Reported to CDC as of 09 Nov 2022 2:00 PM EDT,2022-11-09
2022-09-16,198,171.2857143,24561,Data as Reported to CDC as of 09 Nov 2022 2:00 PM EDT,2022-11-09
2022-09-17,108,170,24669,Data as Reported to CDC as of 09 Nov 2022 2:00 PM EDT,2022-11-09
2022-09-18,93,170.2857143,24762,Data as Reported to CDC as of 09 Nov 2022 2:00 PM EDT,2022-11-09
2022-09-19,293,183.8571429,25055,Data as Reported to CDC as of 09 Nov 2022 2:00 PM EDT,2022-11-09
2022-09-20,181,175.5714286,25236,Data as Reported to CDC as of 09 Nov 2022 2:00 PM EDT,2022-11-09
2022-09-21,148,172,25384,Data as Reported to CDC as of 09 Nov 2022 2:00 PM EDT,2022-11-09
2022-09-22,159,168.5714286,25543,Data as Reported to CDC as of 09 Nov 2022 2:00 PM EDT,2022-11-09
2022-09-23,170,164.5714286,25713,Data as Reported to CDC as of 09 Nov 2022 2:00 PM EDT,2022-11-09
2022-09-24,79,160.4285714,25792,Data as Reported to CDC as of 09 Nov 2022 2:00 PM EDT,2022-11-09
2022-09-25,58,155.4285714,25850,Data as Reported to CDC as of 09 Nov 2022 2:00 PM EDT,2022-11-09
2022-09-26,178,139,26028,Data as Reported to CDC as of 09 Nov 2022 2:00 PM EDT,2022-11-09
2022-09-27,146,134,26174,Data as Reported to CDC as of 09 Nov 2022 2:00 PM EDT,2022-11-09
2022-09-28,122,130.2857143,26296,Data as Reported to CDC as of 09 Nov 2022 2:00 PM EDT,2022-11-09
2022-09-29,122,125,26418,Data as Reported to CDC as of 09 Nov 2022 2:00 PM EDT,2022-11-09
2022-09-30,113,116.8571429,26531,Data as Reported to CDC as of 09 Nov 2022 2:00 PM EDT,2022-11-09
2022-10-01,66,115,26597,Data as Reported to CDC as of 09 Nov 2022 2:00 PM EDT,2022-11-09
2022-10-02,39,112.2857143,26636,Data as Reported to CDC as of 09 Nov 2022 2:00 PM EDT,2022-11-09
2022-10-03,133,105.8571429,26769,Data as Reported to CDC as of 09 Nov 2022 2:00 PM EDT,2022-11-09
2022-10-04,113,101.1428571,26882,Data as Reported to CDC as of 09 Nov 2022 2:00 PM EDT,2022-11-09
2022-10-05,85,95.85714286,26967,Data as Reported to CDC as of 09 Nov 2022 2:00 PM EDT,2022-11-09
2022-10-06,114,94.71428571,27081,Data as Reported to CDC as of 09 Nov 2022 2:00 PM EDT,2022-11-09
2022-10-07,111,94.42857143,27192,Data as Reported to CDC as of 09 Nov 2022 2:00 PM EDT,2022-11-09
2022-10-08,39,90.57142857,27231,Data as Reported to CDC as of 09 Nov 2022 2:00 PM EDT,2022-11-09
2022-10-09,30,89.28571429,27261,Data as Reported to CDC as of 09 Nov 2022 2:00 PM EDT,2022-11-09
2022-10-10,61,79,27322,Data as Reported to CDC as of 09 Nov 2022 2:00 PM EDT,2022-11-09
2022-10-11,139,82.71428571,27461,Data as Reported to CDC as of 09 Nov 2022 2:00 PM EDT,2022-11-09
2022-10-12,93,83.85714286,27554,Data as Reported to CDC as of 09 Nov 2022 2:00 PM EDT,2022-11-09
2022-10-13,74,78.14285714,27628,Data as Reported to CDC as of 09 Nov 2022 2:00 PM EDT,2022-11-09
2022-10-14,91,75.28571429,27719,Data as Reported to CDC as of 09 Nov 2022 2:00 PM EDT,2022-11-09
2022-10-15,29,73.85714286,27748,Data as Reported to CDC as of 09 Nov 2022 2:00 PM EDT,2022-11-09
2022-10-16,26,73.28571429,27774,Data as Reported to CDC as of 09 Nov 2022 2:00 PM EDT,2022-11-09
2022-10-17,106,79.71428571,27880,Data as Reported to CDC as of 09 Nov 2022 2:00 PM EDT,2022-11-09
2022-10-18,49,66.85714286,27929,Data as Reported to CDC as of 09 Nov 2022 2:00 PM EDT,2022-11-09
2022-10-19,83,65.42857143,28012,Data as Reported to CDC as of 09 Nov 2022 2:00 PM EDT,2022-11-09
2022-10-20,72,65.14285714,28084,Data as Reported to CDC as of 09 Nov 2022 2:00 PM EDT,2022-11-09
2022-10-21,47,58.85714286,28131,Data as Reported to CDC as of 09 Nov 2022 2:00 PM EDT,2022-11-09
2022-10-22,31,59.14285714,28162,Data as Reported to CDC as of 09 Nov 2022 2:00 PM EDT,2022-11-09
2022-10-23,12,57.14285714,28174,Data as Reported to CDC as of 09 Nov 2022 2:00 PM EDT,2022-11-09
2022-10-24,72,52.28571429,28246,Data as Reported to CDC as of 09 Nov 2022 2:00 PM EDT,2022-11-09
2022-10-25,45,51.71428571,28291,Data as Reported to CDC as of 09 Nov 2022 2:00 PM EDT,2022-11-09
2022-10-26,50,47,28341,Data as Reported to CDC as of 09 Nov 2022 2:00 PM EDT,2022-11-09
2022-10-27,67,46.28571429,28408,Data as Reported to CDC as of 09 Nov 2022 2:00 PM EDT,2022-11-09
2022-10-28,51,46.85714286,28459,Data as Reported to CDC as of 09 Nov 2022 2:00 PM EDT,2022-11-09
2022-10-29,14,44.42857143,28473,Data as Reported to CDC as of 09 Nov 2022 2:00 PM EDT,2022-11-09
2022-10-30,12,44.42857143,28485,Data as Reported to CDC as of 09 Nov 2022 2:00 PM EDT,2022-11-09
2022-10-31,42,40.14285714,28527,Data as Reported to CDC as of 09 Nov 2022 2:00 PM EDT,2022-11-09
2022-11-01,32,38.28571429,28559,Data as Reported to CDC as of 09 Nov 2022 2:00 PM EDT,2022-11-09
2022-11-02,32,35.71428571,28591,Data as Reported to CDC as of 09 Nov 2022 2:00 PM EDT,2022-11-09
2022-11-03,52,33.57142857,28643,Data as Reported to CDC as of 09 Nov 2022 2:00 PM EDT,2022-11-09
2022-11-04,27,30.14285714,28670,Data as Reported to CDC as of 09 Nov 2022 2:00 PM EDT,2022-11-09
2022-11-05,7,29.14285714,28677,Data as Reported to CDC as of 09 Nov 2022 2:00 PM EDT,2022-11-09
2022-11-06,6,28.28571429,28683,Data as Reported to CDC as of 09 Nov 2022 2:00 PM EDT,2022-11-09
2022-11-07,35,27.28571429,28718,Data as Reported to CDC as of 09 Nov 2022 2:00 PM EDT,2022-11-09
2022-11-08,9,24,28727,Data as Reported to CDC as of 09 Nov 2022 2:00 PM EDT,2022-11-09
2022-11-09,25,23,28752,Data as Reported to CDC as of 09 Nov 2022 2:00 PM EDT,2022-11-09
