EpidateDT,CaseCNT,RollingNBR,CumulativeCNT,UpdateDT,ReportDT
2022-05-10,1,0,1,Data as Reported to CDC as of 19 Oct 2022 2:00 PM EDT,2022-10-22
2022-05-11,0,0,1,Data as Reported to CDC as of 19 Oct 2022 2:00 PM EDT,2022-10-22
2022-05-12,2,0,3,Data as Reported to CDC as of 19 Oct 2022 2:00 PM EDT,2022-10-22
2022-05-13,0,0,3,Data as Reported to CDC as of 19 Oct 2022 2:00 PM EDT,2022-10-22
2022-05-14,0,0,3,Data as Reported to CDC as of 19 Oct 2022 2:00 PM EDT,2022-10-22
2022-05-15,1,0,4,Data as Reported to CDC as of 19 Oct 2022 2:00 PM EDT,2022-10-22
2022-05-16,4,1.142857143,8,Data as Reported to CDC as of 19 Oct 2022 2:00 PM EDT,2022-10-22
2022-05-17,3,1.428571429,11,Data as Reported to CDC as of 19 Oct 2022 2:00 PM EDT,2022-10-22
2022-05-18,1,1.571428571,12,Data as Reported to CDC as of 19 Oct 2022 2:00 PM EDT,2022-10-22
2022-05-19,2,1.571428571,14,Data as Reported to CDC as of 19 Oct 2022 2:00 PM EDT,2022-10-22
2022-05-20,2,1.857142857,16,Data as Reported to CDC as of 19 Oct 2022 2:00 PM EDT,2022-10-22
2022-05-21,1,2,17,Data as Reported to CDC as of 19 Oct 2022 2:00 PM EDT,2022-10-22
2022-05-22,1,2,18,Data as Reported to CDC as of 19 Oct 2022 2:00 PM EDT,2022-10-22
2022-05-23,3,1.857142857,21,Data as Reported to CDC as of 19 Oct 2022 2:00 PM EDT,2022-10-22
2022-05-24,4,2,25,Data as Reported to CDC as of 19 Oct 2022 2:00 PM EDT,2022-10-22
2022-05-25,4,2.428571429,29,Data as Reported to CDC as of 19 Oct 2022 2:00 PM EDT,2022-10-22
2022-05-26,2,2.428571429,31,Data as Reported to CDC as of 19 Oct 2022 2:00 PM EDT,2022-10-22
2022-05-27,4,2.714285714,35,Data as Reported to CDC as of 19 Oct 2022 2:00 PM EDT,2022-10-22
2022-05-28,0,2.571428571,35,Data as Reported to CDC as of 19 Oct 2022 2:00 PM EDT,2022-10-22
2022-05-29,4,3,39,Data as Reported to CDC as of 19 Oct 2022 2:00 PM EDT,2022-10-22
2022-05-30,5,3.285714286,44,Data as Reported to CDC as of 19 Oct 2022 2:00 PM EDT,2022-10-22
2022-05-31,6,3.571428571,50,Data as Reported to CDC as of 19 Oct 2022 2:00 PM EDT,2022-10-22
2022-06-01,6,3.857142857,56,Data as Reported to CDC as of 19 Oct 2022 2:00 PM EDT,2022-10-22
2022-06-02,9,4.857142857,65,Data as Reported to CDC as of 19 Oct 2022 2:00 PM EDT,2022-10-22
2022-06-03,6,5.142857143,71,Data as Reported to CDC as of 19 Oct 2022 2:00 PM EDT,2022-10-22
2022-06-04,3,5.571428571,74,Data as Reported to CDC as of 19 Oct 2022 2:00 PM EDT,2022-10-22
2022-06-05,5,5.714285714,79,Data as Reported to CDC as of 19 Oct 2022 2:00 PM EDT,2022-10-22
2022-06-06,12,6.714285714,91,Data as Reported to CDC as of 19 Oct 2022 2:00 PM EDT,2022-10-22
2022-06-07,17,8.285714286,108,Data as Reported to CDC as of 19 Oct 2022 2:00 PM EDT,2022-10-22
2022-06-08,6,8.285714286,114,Data as Reported to CDC as of 19 Oct 2022 2:00 PM EDT,2022-10-22
2022-06-09,4,7.571428571,118,Data as Reported to CDC as of 19 Oct 2022 2:00 PM EDT,2022-10-22
2022-06-10,20,9.571428571,138,Data as Reported to CDC as of 19 Oct 2022 2:00 PM EDT,2022-10-22
2022-06-11,13,11,151,Data as Reported to CDC as of 19 Oct 2022 2:00 PM EDT,2022-10-22
2022-06-12,17,12.71428571,168,Data as Reported to CDC as of 19 Oct 2022 2:00 PM EDT,2022-10-22
2022-06-13,14,13,182,Data as Reported to CDC as of 19 Oct 2022 2:00 PM EDT,2022-10-22
2022-06-14,23,13.85714286,205,Data as Reported to CDC as of 19 Oct 2022 2:00 PM EDT,2022-10-22
2022-06-15,28,17,233,Data as Reported to CDC as of 19 Oct 2022 2:00 PM EDT,2022-10-22
2022-06-16,20,19.28571429,253,Data as Reported to CDC as of 19 Oct 2022 2:00 PM EDT,2022-10-22
2022-06-17,21,19.42857143,274,Data as Reported to CDC as of 19 Oct 2022 2:00 PM EDT,2022-10-22
2022-06-18,21,20.57142857,295,Data as Reported to CDC as of 19 Oct 2022 2:00 PM EDT,2022-10-22
2022-06-19,23,21.42857143,318,Data as Reported to CDC as of 19 Oct 2022 2:00 PM EDT,2022-10-22
2022-06-20,21,22.42857143,339,Data as Reported to CDC as of 19 Oct 2022 2:00 PM EDT,2022-10-22
2022-06-21,26,22.85714286,365,Data as Reported to CDC as of 19 Oct 2022 2:00 PM EDT,2022-10-22
2022-06-22,40,24.57142857,405,Data as Reported to CDC as of 19 Oct 2022 2:00 PM EDT,2022-10-22
2022-06-23,41,27.57142857,446,Data as Reported to CDC as of 19 Oct 2022 2:00 PM EDT,2022-10-22
2022-06-24,42,30.57142857,488,Data as Reported to CDC as of 19 Oct 2022 2:00 PM EDT,2022-10-22
2022-06-25,42,33.57142857,530,Data as Reported to CDC as of 19 Oct 2022 2:00 PM EDT,2022-10-22
2022-06-26,43,36.42857143,573,Data as Reported to CDC as of 19 Oct 2022 2:00 PM EDT,2022-10-22
2022-06-27,93,46.71428571,666,Data as Reported to CDC as of 19 Oct 2022 2:00 PM EDT,2022-10-22
2022-06-28,79,54.28571429,745,Data as Reported to CDC as of 19 Oct 2022 2:00 PM EDT,2022-10-22
2022-06-29,78,59.71428571,823,Data as Reported to CDC as of 19 Oct 2022 2:00 PM EDT,2022-10-22
2022-06-30,101,68.28571429,924,Data as Reported to CDC as of 19 Oct 2022 2:00 PM EDT,2022-10-22
2022-07-01,116,78.85714286,1040,Data as Reported to CDC as of 19 Oct 2022 2:00 PM EDT,2022-10-22
2022-07-02,100,87.14285714,1140,Data as Reported to CDC as of 19 Oct 2022 2:00 PM EDT,2022-10-22
2022-07-03,98,95,1238,Data as Reported to CDC as of 19 Oct 2022 2:00 PM EDT,2022-10-22
2022-07-04,107,97,1345,Data as Reported to CDC as of 19 Oct 2022 2:00 PM EDT,2022-10-22
2022-07-05,150,107.1428571,1495,Data as Reported to CDC as of 19 Oct 2022 2:00 PM EDT,2022-10-22
2022-07-06,154,118,1649,Data as Reported to CDC as of 19 Oct 2022 2:00 PM EDT,2022-10-22
2022-07-07,166,127.2857143,1815,Data as Reported to CDC as of 19 Oct 2022 2:00 PM EDT,2022-10-22
2022-07-08,200,139.2857143,2015,Data as Reported to CDC as of 19 Oct 2022 2:00 PM EDT,2022-10-22
2022-07-09,147,146,2162,Data as Reported to CDC as of 19 Oct 2022 2:00 PM EDT,2022-10-22
2022-07-10,137,151.5714286,2299,Data as Reported to CDC as of 19 Oct 2022 2:00 PM EDT,2022-10-22
2022-07-11,299,179,2598,Data as Reported to CDC as of 19 Oct 2022 2:00 PM EDT,2022-10-22
2022-07-12,214,188.1428571,2812,Data as Reported to CDC as of 19 Oct 2022 2:00 PM EDT,2022-10-22
2022-07-13,278,205.8571429,3090,Data as Reported to CDC as of 19 Oct 2022 2:00 PM EDT,2022-10-22
2022-07-14,265,220,3355,Data as Reported to CDC as of 19 Oct 2022 2:00 PM EDT,2022-10-22
2022-07-15,341,240.1428571,3696,Data as Reported to CDC as of 19 Oct 2022 2:00 PM EDT,2022-10-22
2022-07-16,205,248.4285714,3901,Data as Reported to CDC as of 19 Oct 2022 2:00 PM EDT,2022-10-22
2022-07-17,174,253.7142857,4075,Data as Reported to CDC as of 19 Oct 2022 2:00 PM EDT,2022-10-22
2022-07-18,367,263.4285714,4442,Data as Reported to CDC as of 19 Oct 2022 2:00 PM EDT,2022-10-22
2022-07-19,308,276.8571429,4750,Data as Reported to CDC as of 19 Oct 2022 2:00 PM EDT,2022-10-22
2022-07-20,315,282.1428571,5065,Data as Reported to CDC as of 19 Oct 2022 2:00 PM EDT,2022-10-22
2022-07-21,298,286.8571429,5363,Data as Reported to CDC as of 19 Oct 2022 2:00 PM EDT,2022-10-22
2022-07-22,380,292.4285714,5743,Data as Reported to CDC as of 19 Oct 2022 2:00 PM EDT,2022-10-22
2022-07-23,250,298.8571429,5993,Data as Reported to CDC as of 19 Oct 2022 2:00 PM EDT,2022-10-22
2022-07-24,228,306.5714286,6221,Data as Reported to CDC as of 19 Oct 2022 2:00 PM EDT,2022-10-22
2022-07-25,526,329.2857143,6747,Data as Reported to CDC as of 19 Oct 2022 2:00 PM EDT,2022-10-22
2022-07-26,359,336.5714286,7106,Data as Reported to CDC as of 19 Oct 2022 2:00 PM EDT,2022-10-22
2022-07-27,474,359.2857143,7580,Data as Reported to CDC as of 19 Oct 2022 2:00 PM EDT,2022-10-22
2022-07-28,433,378.5714286,8013,Data as Reported to CDC as of 19 Oct 2022 2:00 PM EDT,2022-10-22
2022-07-29,454,389.1428571,8467,Data as Reported to CDC as of 19 Oct 2022 2:00 PM EDT,2022-10-22
2022-07-30,311,397.8571429,8778,Data as Reported to CDC as of 19 Oct 2022 2:00 PM EDT,2022-10-22
2022-07-31,258,402.1428571,9036,Data as Reported to CDC as of 19 Oct 2022 2:00 PM EDT,2022-10-22
2022-08-01,568,408.1428571,9604,Data as Reported to CDC as of 19 Oct 2022 2:00 PM EDT,2022-10-22
2022-08-02,499,428.1428571,10103,Data as Reported to CDC as of 19 Oct 2022 2:00 PM EDT,2022-10-22
2022-08-03,481,429.1428571,10584,Data as Reported to CDC as of 19 Oct 2022 2:00 PM EDT,2022-10-22
2022-08-04,457,432.5714286,11041,Data as Reported to CDC as of 19 Oct 2022 2:00 PM EDT,2022-10-22
2022-08-05,486,437.1428571,11527,Data as Reported to CDC as of 19 Oct 2022 2:00 PM EDT,2022-10-22
2022-08-06,328,439.5714286,11855,Data as Reported to CDC as of 19 Oct 2022 2:00 PM EDT,2022-10-22
2022-08-07,256,439.2857143,12111,Data as Reported to CDC as of 19 Oct 2022 2:00 PM EDT,2022-10-22
2022-08-08,566,439,12677,Data as Reported to CDC as of 19 Oct 2022 2:00 PM EDT,2022-10-22
2022-08-09,466,434.2857143,13143,Data as Reported to CDC as of 19 Oct 2022 2:00 PM EDT,2022-10-22
2022-08-10,514,439,13657,Data as Reported to CDC as of 19 Oct 2022 2:00 PM EDT,2022-10-22
2022-08-11,424,434.2857143,14081,Data as Reported to CDC as of 19 Oct 2022 2:00 PM EDT,2022-10-22
2022-08-12,439,427.5714286,14520,Data as Reported to CDC as of 19 Oct 2022 2:00 PM EDT,2022-10-22
2022-08-13,297,423.1428571,14817,Data as Reported to CDC as of 19 Oct 2022 2:00 PM EDT,2022-10-22
2022-08-14,252,422.5714286,15069,Data as Reported to CDC as of 19 Oct 2022 2:00 PM EDT,2022-10-22
2022-08-15,563,422.1428571,15632,Data as Reported to CDC as of 19 Oct 2022 2:00 PM EDT,2022-10-22
2022-08-16,391,411.4285714,16023,Data as Reported to CDC as of 19 Oct 2022 2:00 PM EDT,2022-10-22
2022-08-17,371,391,16394,Data as Reported to CDC as of 19 Oct 2022 2:00 PM EDT,2022-10-22
2022-08-18,441,393.4285714,16835,Data as Reported to CDC as of 19 Oct 2022 2:00 PM EDT,2022-10-22
2022-08-19,432,392.4285714,17267,Data as Reported to CDC as of 19 Oct 2022 2:00 PM EDT,2022-10-22
2022-08-20,259,387,17526,Data as Reported to CDC as of 19 Oct 2022 2:00 PM EDT,2022-10-22
2022-08-21,191,378.2857143,17717,Data as Reported to CDC as of 19 Oct 2022 2:00 PM EDT,2022-10-22
2022-08-22,429,359.1428571,18146,Data as Reported to CDC as of 19 Oct 2022 2:00 PM EDT,2022-10-22
2022-08-23,412,362.1428571,18558,Data as Reported to CDC as of 19 Oct 2022 2:00 PM EDT,2022-10-22
2022-08-24,325,355.5714286,18883,Data as Reported to CDC as of 19 Oct 2022 2:00 PM EDT,2022-10-22
2022-08-25,366,344.8571429,19249,Data as Reported to CDC as of 19 Oct 2022 2:00 PM EDT,2022-10-22
2022-08-26,357,334.1428571,19606,Data as Reported to CDC as of 19 Oct 2022 2:00 PM EDT,2022-10-22
2022-08-27,157,319.5714286,19763,Data as Reported to CDC as of 19 Oct 2022 2:00 PM EDT,2022-10-22
2022-08-28,160,315.1428571,19923,Data as Reported to CDC as of 19 Oct 2022 2:00 PM EDT,2022-10-22
2022-08-29,404,311.5714286,20327,Data as Reported to CDC as of 19 Oct 2022 2:00 PM EDT,2022-10-22
2022-08-30,324,299,20651,Data as Reported to CDC as of 19 Oct 2022 2:00 PM EDT,2022-10-22
2022-08-31,279,292.4285714,20930,Data as Reported to CDC as of 19 Oct 2022 2:00 PM EDT,2022-10-22
2022-09-01,415,299.4285714,21345,Data as Reported to CDC as of 19 Oct 2022 2:00 PM EDT,2022-10-22
2022-09-02,326,295,21671,Data as Reported to CDC as of 19 Oct 2022 2:00 PM EDT,2022-10-22
2022-09-03,147,293.5714286,21818,Data as Reported to CDC as of 19 Oct 2022 2:00 PM EDT,2022-10-22
2022-09-04,119,287.7142857,21937,Data as Reported to CDC as of 19 Oct 2022 2:00 PM EDT,2022-10-22
2022-09-05,161,253,22098,Data as Reported to CDC as of 19 Oct 2022 2:00 PM EDT,2022-10-22
2022-09-06,432,268.4285714,22530,Data as Reported to CDC as of 19 Oct 2022 2:00 PM EDT,2022-10-22
2022-09-07,222,260.2857143,22752,Data as Reported to CDC as of 19 Oct 2022 2:00 PM EDT,2022-10-22
2022-09-08,245,236,22997,Data as Reported to CDC as of 19 Oct 2022 2:00 PM EDT,2022-10-22
2022-09-09,249,225,23246,Data as Reported to CDC as of 19 Oct 2022 2:00 PM EDT,2022-10-22
2022-09-10,108,219.4285714,23354,Data as Reported to CDC as of 19 Oct 2022 2:00 PM EDT,2022-10-22
2022-09-11,86,214.7142857,23440,Data as Reported to CDC as of 19 Oct 2022 2:00 PM EDT,2022-10-22
2022-09-12,189,218.7142857,23629,Data as Reported to CDC as of 19 Oct 2022 2:00 PM EDT,2022-10-22
2022-09-13,238,191,23867,Data as Reported to CDC as of 19 Oct 2022 2:00 PM EDT,2022-10-22
2022-09-14,176,184.4285714,24043,Data as Reported to CDC as of 19 Oct 2022 2:00 PM EDT,2022-10-22
2022-09-15,161,172.4285714,24204,Data as Reported to CDC as of 19 Oct 2022 2:00 PM EDT,2022-10-22
2022-09-16,187,163.5714286,24391,Data as Reported to CDC as of 19 Oct 2022 2:00 PM EDT,2022-10-22
2022-09-17,99,162.2857143,24490,Data as Reported to CDC as of 19 Oct 2022 2:00 PM EDT,2022-10-22
2022-09-18,85,162.1428571,24575,Data as Reported to CDC as of 19 Oct 2022 2:00 PM EDT,2022-10-22
2022-09-19,296,177.4285714,24871,Data as Reported to CDC as of 19 Oct 2022 2:00 PM EDT,2022-10-22
2022-09-20,180,169.1428571,25051,Data as Reported to CDC as of 19 Oct 2022 2:00 PM EDT,2022-10-22
2022-09-21,224,176,25275,Data as Reported to CDC as of 19 Oct 2022 2:00 PM EDT,2022-10-22
2022-09-22,147,174,25422,Data as Reported to CDC as of 19 Oct 2022 2:00 PM EDT,2022-10-22
2022-09-23,159,170,25581,Data as Reported to CDC as of 19 Oct 2022 2:00 PM EDT,2022-10-22
2022-09-24,64,165,25645,Data as Reported to CDC as of 19 Oct 2022 2:00 PM EDT,2022-10-22
2022-09-25,51,160.1428571,25696,Data as Reported to CDC as of 19 Oct 2022 2:00 PM EDT,2022-10-22
2022-09-26,179,143.4285714,25875,Data as Reported to CDC as of 19 Oct 2022 2:00 PM EDT,2022-10-22
2022-09-27,136,137.1428571,26011,Data as Reported to CDC as of 19 Oct 2022 2:00 PM EDT,2022-10-22
2022-09-28,157,127.5714286,26168,Data as Reported to CDC as of 19 Oct 2022 2:00 PM EDT,2022-10-22
2022-09-29,117,123.2857143,26285,Data as Reported to CDC as of 19 Oct 2022 2:00 PM EDT,2022-10-22
2022-09-30,107,115.8571429,26392,Data as Reported to CDC as of 19 Oct 2022 2:00 PM EDT,2022-10-22
2022-10-01,51,114,26443,Data as Reported to CDC as of 19 Oct 2022 2:00 PM EDT,2022-10-22
2022-10-02,35,111.7142857,26478,Data as Reported to CDC as of 19 Oct 2022 2:00 PM EDT,2022-10-22
2022-10-03,124,103.8571429,26602,Data as Reported to CDC as of 19 Oct 2022 2:00 PM EDT,2022-10-22
2022-10-04,101,98.85714286,26703,Data as Reported to CDC as of 19 Oct 2022 2:00 PM EDT,2022-10-22
2022-10-05,91,89.42857143,26794,Data as Reported to CDC as of 19 Oct 2022 2:00 PM EDT,2022-10-22
2022-10-06,96,86.42857143,26890,Data as Reported to CDC as of 19 Oct 2022 2:00 PM EDT,2022-10-22
2022-10-07,101,85.57142857,26991,Data as Reported to CDC as of 19 Oct 2022 2:00 PM EDT,2022-10-22
2022-10-08,24,81.71428571,27015,Data as Reported to CDC as of 19 Oct 2022 2:00 PM EDT,2022-10-22
2022-10-09,19,79.42857143,27034,Data as Reported to CDC as of 19 Oct 2022 2:00 PM EDT,2022-10-22
2022-10-10,38,67.14285714,27072,Data as Reported to CDC as of 19 Oct 2022 2:00 PM EDT,2022-10-22
2022-10-11,127,70.85714286,27199,Data as Reported to CDC as of 19 Oct 2022 2:00 PM EDT,2022-10-22
2022-10-12,95,71.42857143,27294,Data as Reported to CDC as of 19 Oct 2022 2:00 PM EDT,2022-10-22
2022-10-13,85,69.85714286,27379,Data as Reported to CDC as of 19 Oct 2022 2:00 PM EDT,2022-10-22
2022-10-14,74,66,27453,Data as Reported to CDC as of 19 Oct 2022 2:00 PM EDT,2022-10-22
2022-10-15,19,65.28571429,27472,Data as Reported to CDC as of 19 Oct 2022 2:00 PM EDT,2022-10-22
2022-10-16,7,63.57142857,27479,Data as Reported to CDC as of 19 Oct 2022 2:00 PM EDT,2022-10-22
2022-10-17,86,70.42857143,27565,Data as Reported to CDC as of 19 Oct 2022 2:00 PM EDT,2022-10-22
2022-10-18,32,56.85714286,27597,Data as Reported to CDC as of 19 Oct 2022 2:00 PM EDT,2022-10-22
2022-10-19,35,48.28571429,27632,Data as Reported to CDC as of 19 Oct 2022 2:00 PM EDT,2022-10-22
