EpidateDT,CaseCNT,RollingNBR,CumulativeCNT,UpdateDT,ReportDT
2022-05-17,3,0,3,Data as Reported to CDC as of 12 Oct 2022 2:00 PM EDT,2022-10-14
2022-05-18,1,0,4,Data as Reported to CDC as of 12 Oct 2022 2:00 PM EDT,2022-10-14
2022-05-19,2,0,6,Data as Reported to CDC as of 12 Oct 2022 2:00 PM EDT,2022-10-14
2022-05-20,2,0,8,Data as Reported to CDC as of 12 Oct 2022 2:00 PM EDT,2022-10-14
2022-05-21,1,0,9,Data as Reported to CDC as of 12 Oct 2022 2:00 PM EDT,2022-10-14
2022-05-22,1,0,10,Data as Reported to CDC as of 12 Oct 2022 2:00 PM EDT,2022-10-14
2022-05-23,3,1.857142857,13,Data as Reported to CDC as of 12 Oct 2022 2:00 PM EDT,2022-10-14
2022-05-24,3,1.857142857,16,Data as Reported to CDC as of 12 Oct 2022 2:00 PM EDT,2022-10-14
2022-05-25,4,2.285714286,20,Data as Reported to CDC as of 12 Oct 2022 2:00 PM EDT,2022-10-14
2022-05-26,2,2.285714286,22,Data as Reported to CDC as of 12 Oct 2022 2:00 PM EDT,2022-10-14
2022-05-27,4,2.571428571,26,Data as Reported to CDC as of 12 Oct 2022 2:00 PM EDT,2022-10-14
2022-05-28,0,2.428571429,26,Data as Reported to CDC as of 12 Oct 2022 2:00 PM EDT,2022-10-14
2022-05-29,5,3,31,Data as Reported to CDC as of 12 Oct 2022 2:00 PM EDT,2022-10-14
2022-05-30,5,3.285714286,36,Data as Reported to CDC as of 12 Oct 2022 2:00 PM EDT,2022-10-14
2022-05-31,6,3.714285714,42,Data as Reported to CDC as of 12 Oct 2022 2:00 PM EDT,2022-10-14
2022-06-01,6,4,48,Data as Reported to CDC as of 12 Oct 2022 2:00 PM EDT,2022-10-14
2022-06-02,9,5,57,Data as Reported to CDC as of 12 Oct 2022 2:00 PM EDT,2022-10-14
2022-06-03,6,5.285714286,63,Data as Reported to CDC as of 12 Oct 2022 2:00 PM EDT,2022-10-14
2022-06-04,3,5.714285714,66,Data as Reported to CDC as of 12 Oct 2022 2:00 PM EDT,2022-10-14
2022-06-05,5,5.714285714,71,Data as Reported to CDC as of 12 Oct 2022 2:00 PM EDT,2022-10-14
2022-06-06,12,6.714285714,83,Data as Reported to CDC as of 12 Oct 2022 2:00 PM EDT,2022-10-14
2022-06-07,17,8.285714286,100,Data as Reported to CDC as of 12 Oct 2022 2:00 PM EDT,2022-10-14
2022-06-08,6,8.285714286,106,Data as Reported to CDC as of 12 Oct 2022 2:00 PM EDT,2022-10-14
2022-06-09,4,7.571428571,110,Data as Reported to CDC as of 12 Oct 2022 2:00 PM EDT,2022-10-14
2022-06-10,20,9.571428571,130,Data as Reported to CDC as of 12 Oct 2022 2:00 PM EDT,2022-10-14
2022-06-11,13,11,143,Data as Reported to CDC as of 12 Oct 2022 2:00 PM EDT,2022-10-14
2022-06-12,17,12.71428571,160,Data as Reported to CDC as of 12 Oct 2022 2:00 PM EDT,2022-10-14
2022-06-13,14,13,174,Data as Reported to CDC as of 12 Oct 2022 2:00 PM EDT,2022-10-14
2022-06-14,23,13.85714286,197,Data as Reported to CDC as of 12 Oct 2022 2:00 PM EDT,2022-10-14
2022-06-15,29,17.14285714,226,Data as Reported to CDC as of 12 Oct 2022 2:00 PM EDT,2022-10-14
2022-06-16,20,19.42857143,246,Data as Reported to CDC as of 12 Oct 2022 2:00 PM EDT,2022-10-14
2022-06-17,21,19.57142857,267,Data as Reported to CDC as of 12 Oct 2022 2:00 PM EDT,2022-10-14
2022-06-18,21,20.71428571,288,Data as Reported to CDC as of 12 Oct 2022 2:00 PM EDT,2022-10-14
2022-06-19,24,21.71428571,312,Data as Reported to CDC as of 12 Oct 2022 2:00 PM EDT,2022-10-14
2022-06-20,23,23,335,Data as Reported to CDC as of 12 Oct 2022 2:00 PM EDT,2022-10-14
2022-06-21,26,23.42857143,361,Data as Reported to CDC as of 12 Oct 2022 2:00 PM EDT,2022-10-14
2022-06-22,40,25,401,Data as Reported to CDC as of 12 Oct 2022 2:00 PM EDT,2022-10-14
2022-06-23,40,27.85714286,441,Data as Reported to CDC as of 12 Oct 2022 2:00 PM EDT,2022-10-14
2022-06-24,42,30.85714286,483,Data as Reported to CDC as of 12 Oct 2022 2:00 PM EDT,2022-10-14
2022-06-25,44,34.14285714,527,Data as Reported to CDC as of 12 Oct 2022 2:00 PM EDT,2022-10-14
2022-06-26,42,36.71428571,569,Data as Reported to CDC as of 12 Oct 2022 2:00 PM EDT,2022-10-14
2022-06-27,96,47.14285714,665,Data as Reported to CDC as of 12 Oct 2022 2:00 PM EDT,2022-10-14
2022-06-28,80,54.85714286,745,Data as Reported to CDC as of 12 Oct 2022 2:00 PM EDT,2022-10-14
2022-06-29,77,60.14285714,822,Data as Reported to CDC as of 12 Oct 2022 2:00 PM EDT,2022-10-14
2022-06-30,100,68.71428571,922,Data as Reported to CDC as of 12 Oct 2022 2:00 PM EDT,2022-10-14
2022-07-01,121,80,1043,Data as Reported to CDC as of 12 Oct 2022 2:00 PM EDT,2022-10-14
2022-07-02,104,88.57142857,1147,Data as Reported to CDC as of 12 Oct 2022 2:00 PM EDT,2022-10-14
2022-07-03,101,97,1248,Data as Reported to CDC as of 12 Oct 2022 2:00 PM EDT,2022-10-14
2022-07-04,111,99.14285714,1359,Data as Reported to CDC as of 12 Oct 2022 2:00 PM EDT,2022-10-14
2022-07-05,158,110.2857143,1517,Data as Reported to CDC as of 12 Oct 2022 2:00 PM EDT,2022-10-14
2022-07-06,159,122,1676,Data as Reported to CDC as of 12 Oct 2022 2:00 PM EDT,2022-10-14
2022-07-07,170,132,1846,Data as Reported to CDC as of 12 Oct 2022 2:00 PM EDT,2022-10-14
2022-07-08,207,144.2857143,2053,Data as Reported to CDC as of 12 Oct 2022 2:00 PM EDT,2022-10-14
2022-07-09,151,151,2204,Data as Reported to CDC as of 12 Oct 2022 2:00 PM EDT,2022-10-14
2022-07-10,143,157,2347,Data as Reported to CDC as of 12 Oct 2022 2:00 PM EDT,2022-10-14
2022-07-11,313,185.8571429,2660,Data as Reported to CDC as of 12 Oct 2022 2:00 PM EDT,2022-10-14
2022-07-12,216,194.1428571,2876,Data as Reported to CDC as of 12 Oct 2022 2:00 PM EDT,2022-10-14
2022-07-13,288,212.5714286,3164,Data as Reported to CDC as of 12 Oct 2022 2:00 PM EDT,2022-10-14
2022-07-14,268,226.5714286,3432,Data as Reported to CDC as of 12 Oct 2022 2:00 PM EDT,2022-10-14
2022-07-15,344,246.1428571,3776,Data as Reported to CDC as of 12 Oct 2022 2:00 PM EDT,2022-10-14
2022-07-16,207,254.1428571,3983,Data as Reported to CDC as of 12 Oct 2022 2:00 PM EDT,2022-10-14
2022-07-17,183,259.8571429,4166,Data as Reported to CDC as of 12 Oct 2022 2:00 PM EDT,2022-10-14
2022-07-18,372,268.2857143,4538,Data as Reported to CDC as of 12 Oct 2022 2:00 PM EDT,2022-10-14
2022-07-19,299,280.1428571,4837,Data as Reported to CDC as of 12 Oct 2022 2:00 PM EDT,2022-10-14
2022-07-20,320,284.7142857,5157,Data as Reported to CDC as of 12 Oct 2022 2:00 PM EDT,2022-10-14
2022-07-21,301,289.4285714,5458,Data as Reported to CDC as of 12 Oct 2022 2:00 PM EDT,2022-10-14
2022-07-22,383,295,5841,Data as Reported to CDC as of 12 Oct 2022 2:00 PM EDT,2022-10-14
2022-07-23,243,300.1428571,6084,Data as Reported to CDC as of 12 Oct 2022 2:00 PM EDT,2022-10-14
2022-07-24,243,308.7142857,6327,Data as Reported to CDC as of 12 Oct 2022 2:00 PM EDT,2022-10-14
2022-07-25,536,332.1428571,6863,Data as Reported to CDC as of 12 Oct 2022 2:00 PM EDT,2022-10-14
2022-07-26,351,339.5714286,7214,Data as Reported to CDC as of 12 Oct 2022 2:00 PM EDT,2022-10-14
2022-07-27,467,360.5714286,7681,Data as Reported to CDC as of 12 Oct 2022 2:00 PM EDT,2022-10-14
2022-07-28,423,378,8104,Data as Reported to CDC as of 12 Oct 2022 2:00 PM EDT,2022-10-14
2022-07-29,458,388.7142857,8562,Data as Reported to CDC as of 12 Oct 2022 2:00 PM EDT,2022-10-14
2022-07-30,312,398.5714286,8874,Data as Reported to CDC as of 12 Oct 2022 2:00 PM EDT,2022-10-14
2022-07-31,272,402.7142857,9146,Data as Reported to CDC as of 12 Oct 2022 2:00 PM EDT,2022-10-14
2022-08-01,583,409.4285714,9729,Data as Reported to CDC as of 12 Oct 2022 2:00 PM EDT,2022-10-14
2022-08-02,497,430.2857143,10226,Data as Reported to CDC as of 12 Oct 2022 2:00 PM EDT,2022-10-14
2022-08-03,471,430.8571429,10697,Data as Reported to CDC as of 12 Oct 2022 2:00 PM EDT,2022-10-14
2022-08-04,469,437.4285714,11166,Data as Reported to CDC as of 12 Oct 2022 2:00 PM EDT,2022-10-14
2022-08-05,490,442,11656,Data as Reported to CDC as of 12 Oct 2022 2:00 PM EDT,2022-10-14
2022-08-06,322,443.4285714,11978,Data as Reported to CDC as of 12 Oct 2022 2:00 PM EDT,2022-10-14
2022-08-07,255,441,12233,Data as Reported to CDC as of 12 Oct 2022 2:00 PM EDT,2022-10-14
2022-08-08,569,439,12802,Data as Reported to CDC as of 12 Oct 2022 2:00 PM EDT,2022-10-14
2022-08-09,464,434.2857143,13266,Data as Reported to CDC as of 12 Oct 2022 2:00 PM EDT,2022-10-14
2022-08-10,498,438.1428571,13764,Data as Reported to CDC as of 12 Oct 2022 2:00 PM EDT,2022-10-14
2022-08-11,423,431.5714286,14187,Data as Reported to CDC as of 12 Oct 2022 2:00 PM EDT,2022-10-14
2022-08-12,444,425,14631,Data as Reported to CDC as of 12 Oct 2022 2:00 PM EDT,2022-10-14
2022-08-13,296,421.2857143,14927,Data as Reported to CDC as of 12 Oct 2022 2:00 PM EDT,2022-10-14
2022-08-14,248,420.2857143,15175,Data as Reported to CDC as of 12 Oct 2022 2:00 PM EDT,2022-10-14
2022-08-15,566,419.8571429,15741,Data as Reported to CDC as of 12 Oct 2022 2:00 PM EDT,2022-10-14
2022-08-16,388,409,16129,Data as Reported to CDC as of 12 Oct 2022 2:00 PM EDT,2022-10-14
2022-08-17,364,389.8571429,16493,Data as Reported to CDC as of 12 Oct 2022 2:00 PM EDT,2022-10-14
2022-08-18,412,388.2857143,16905,Data as Reported to CDC as of 12 Oct 2022 2:00 PM EDT,2022-10-14
2022-08-19,426,385.7142857,17331,Data as Reported to CDC as of 12 Oct 2022 2:00 PM EDT,2022-10-14
2022-08-20,252,379.4285714,17583,Data as Reported to CDC as of 12 Oct 2022 2:00 PM EDT,2022-10-14
2022-08-21,197,372.1428571,17780,Data as Reported to CDC as of 12 Oct 2022 2:00 PM EDT,2022-10-14
2022-08-22,438,353.8571429,18218,Data as Reported to CDC as of 12 Oct 2022 2:00 PM EDT,2022-10-14
2022-08-23,426,359.2857143,18644,Data as Reported to CDC as of 12 Oct 2022 2:00 PM EDT,2022-10-14
2022-08-24,316,352.4285714,18960,Data as Reported to CDC as of 12 Oct 2022 2:00 PM EDT,2022-10-14
2022-08-25,364,345.5714286,19324,Data as Reported to CDC as of 12 Oct 2022 2:00 PM EDT,2022-10-14
2022-08-26,347,334.2857143,19671,Data as Reported to CDC as of 12 Oct 2022 2:00 PM EDT,2022-10-14
2022-08-27,160,321.1428571,19831,Data as Reported to CDC as of 12 Oct 2022 2:00 PM EDT,2022-10-14
2022-08-28,163,316.2857143,19994,Data as Reported to CDC as of 12 Oct 2022 2:00 PM EDT,2022-10-14
2022-08-29,411,312.4285714,20405,Data as Reported to CDC as of 12 Oct 2022 2:00 PM EDT,2022-10-14
2022-08-30,311,296,20716,Data as Reported to CDC as of 12 Oct 2022 2:00 PM EDT,2022-10-14
2022-08-31,269,289.2857143,20985,Data as Reported to CDC as of 12 Oct 2022 2:00 PM EDT,2022-10-14
2022-09-01,408,295.5714286,21393,Data as Reported to CDC as of 12 Oct 2022 2:00 PM EDT,2022-10-14
2022-09-02,322,292,21715,Data as Reported to CDC as of 12 Oct 2022 2:00 PM EDT,2022-10-14
2022-09-03,144,289.7142857,21859,Data as Reported to CDC as of 12 Oct 2022 2:00 PM EDT,2022-10-14
2022-09-04,118,283.2857143,21977,Data as Reported to CDC as of 12 Oct 2022 2:00 PM EDT,2022-10-14
2022-09-05,164,248,22141,Data as Reported to CDC as of 12 Oct 2022 2:00 PM EDT,2022-10-14
2022-09-06,429,264.8571429,22570,Data as Reported to CDC as of 12 Oct 2022 2:00 PM EDT,2022-10-14
2022-09-07,208,256.1428571,22778,Data as Reported to CDC as of 12 Oct 2022 2:00 PM EDT,2022-10-14
2022-09-08,244,232.7142857,23022,Data as Reported to CDC as of 12 Oct 2022 2:00 PM EDT,2022-10-14
2022-09-09,250,222.4285714,23272,Data as Reported to CDC as of 12 Oct 2022 2:00 PM EDT,2022-10-14
2022-09-10,110,217.5714286,23382,Data as Reported to CDC as of 12 Oct 2022 2:00 PM EDT,2022-10-14
2022-09-11,85,212.8571429,23467,Data as Reported to CDC as of 12 Oct 2022 2:00 PM EDT,2022-10-14
2022-09-12,182,215.4285714,23649,Data as Reported to CDC as of 12 Oct 2022 2:00 PM EDT,2022-10-14
2022-09-13,237,188,23886,Data as Reported to CDC as of 12 Oct 2022 2:00 PM EDT,2022-10-14
2022-09-14,175,183.2857143,24061,Data as Reported to CDC as of 12 Oct 2022 2:00 PM EDT,2022-10-14
2022-09-15,154,170.4285714,24215,Data as Reported to CDC as of 12 Oct 2022 2:00 PM EDT,2022-10-14
2022-09-16,177,160,24392,Data as Reported to CDC as of 12 Oct 2022 2:00 PM EDT,2022-10-14
2022-09-17,87,156.7142857,24479,Data as Reported to CDC as of 12 Oct 2022 2:00 PM EDT,2022-10-14
2022-09-18,79,155.8571429,24558,Data as Reported to CDC as of 12 Oct 2022 2:00 PM EDT,2022-10-14
2022-09-19,292,171.5714286,24850,Data as Reported to CDC as of 12 Oct 2022 2:00 PM EDT,2022-10-14
2022-09-20,176,162.8571429,25026,Data as Reported to CDC as of 12 Oct 2022 2:00 PM EDT,2022-10-14
2022-09-21,217,168.8571429,25243,Data as Reported to CDC as of 12 Oct 2022 2:00 PM EDT,2022-10-14
2022-09-22,138,166.5714286,25381,Data as Reported to CDC as of 12 Oct 2022 2:00 PM EDT,2022-10-14
2022-09-23,155,163.4285714,25536,Data as Reported to CDC as of 12 Oct 2022 2:00 PM EDT,2022-10-14
2022-09-24,51,158.2857143,25587,Data as Reported to CDC as of 12 Oct 2022 2:00 PM EDT,2022-10-14
2022-09-25,36,152.1428571,25623,Data as Reported to CDC as of 12 Oct 2022 2:00 PM EDT,2022-10-14
2022-09-26,161,133.4285714,25784,Data as Reported to CDC as of 12 Oct 2022 2:00 PM EDT,2022-10-14
2022-09-27,115,124.7142857,25899,Data as Reported to CDC as of 12 Oct 2022 2:00 PM EDT,2022-10-14
2022-09-28,138,113.4285714,26037,Data as Reported to CDC as of 12 Oct 2022 2:00 PM EDT,2022-10-14
2022-09-29,105,108.7142857,26142,Data as Reported to CDC as of 12 Oct 2022 2:00 PM EDT,2022-10-14
2022-09-30,94,100,26236,Data as Reported to CDC as of 12 Oct 2022 2:00 PM EDT,2022-10-14
2022-10-01,41,98.57142857,26277,Data as Reported to CDC as of 12 Oct 2022 2:00 PM EDT,2022-10-14
2022-10-02,23,96.71428571,26300,Data as Reported to CDC as of 12 Oct 2022 2:00 PM EDT,2022-10-14
2022-10-03,109,89.28571429,26409,Data as Reported to CDC as of 12 Oct 2022 2:00 PM EDT,2022-10-14
2022-10-04,85,85,26494,Data as Reported to CDC as of 12 Oct 2022 2:00 PM EDT,2022-10-14
2022-10-05,95,78.85714286,26589,Data as Reported to CDC as of 12 Oct 2022 2:00 PM EDT,2022-10-14
2022-10-06,108,79.28571429,26697,Data as Reported to CDC as of 12 Oct 2022 2:00 PM EDT,2022-10-14
2022-10-07,89,78.57142857,26786,Data as Reported to CDC as of 12 Oct 2022 2:00 PM EDT,2022-10-14
2022-10-08,17,75.14285714,26803,Data as Reported to CDC as of 12 Oct 2022 2:00 PM EDT,2022-10-14
2022-10-09,14,73.85714286,26817,Data as Reported to CDC as of 12 Oct 2022 2:00 PM EDT,2022-10-14
2022-10-10,19,61,26836,Data as Reported to CDC as of 12 Oct 2022 2:00 PM EDT,2022-10-14
2022-10-11,111,64.71428571,26947,Data as Reported to CDC as of 12 Oct 2022 2:00 PM EDT,2022-10-14
2022-10-12,63,60.14285714,27010,Data as Reported to CDC as of 12 Oct 2022 2:00 PM EDT,2022-10-14
